2.369054317474365234e+00
2.232374668121337891e+00
2.281060934066772461e+00
2.512418985366821289e+00
2.376116037368774414e+00
2.357073783874511719e+00
2.192012071609497070e+00
2.326685905456542969e+00
2.522288322448730469e+00
2.335831642150878906e+00
1.935110807418823242e+00
2.496326208114624023e+00
2.327241659164428711e+00
2.487003803253173828e+00
1.912355899810791016e+00
2.388242959976196289e+00
2.317560911178588867e+00
1.720743894577026367e+00
2.525637865066528320e+00
2.320202350616455078e+00
2.122733831405639648e+00
2.516028881072998047e+00
2.564254522323608398e+00
2.408498287200927734e+00
2.285359382629394531e+00
1.811723113059997559e+00
2.297000646591186523e+00
2.326614856719970703e+00
2.396024227142333984e+00
2.221892595291137695e+00
2.429796457290649414e+00
2.442551136016845703e+00
2.391652822494506836e+00
2.522374153137207031e+00
2.086213350296020508e+00
2.427667617797851562e+00
2.417221307754516602e+00
2.457639932632446289e+00
1.994130253791809082e+00
2.097857952117919922e+00
2.362544775009155273e+00
2.426958560943603516e+00
2.406795740127563477e+00
2.222808361053466797e+00
2.479990243911743164e+00
2.443552970886230469e+00
2.399827957153320312e+00
2.325258970260620117e+00
2.462233066558837891e+00
2.203609704971313477e+00
2.248537778854370117e+00
1.757870316505432129e+00
2.541577816009521484e+00
2.544446945190429688e+00
1.970060229301452637e+00
2.382157802581787109e+00
2.299103021621704102e+00
2.317100524902343750e+00
2.227730274200439453e+00
2.376577854156494141e+00
2.091092824935913086e+00
2.352586507797241211e+00
2.333195686340332031e+00
2.191120147705078125e+00
2.300515174865722656e+00
2.172881603240966797e+00
2.544792413711547852e+00
2.391650676727294922e+00
2.509760856628417969e+00
2.404835224151611328e+00
2.335313320159912109e+00
2.484389066696166992e+00
2.403996229171752930e+00
2.512188434600830078e+00
2.377862930297851562e+00
2.446322679519653320e+00
2.140898227691650391e+00
1.459046840667724609e+00
2.212526559829711914e+00
2.093203306198120117e+00
2.433657884597778320e+00
1.936658263206481934e+00
2.437262296676635742e+00
2.184388160705566406e+00
2.342443466186523438e+00
2.500964879989624023e+00
2.326491594314575195e+00
2.435148954391479492e+00
2.362140893936157227e+00
2.079334259033203125e+00
2.400433540344238281e+00
1.853022575378417969e+00
2.248435735702514648e+00
2.370595216751098633e+00
2.372370243072509766e+00
2.018051385879516602e+00
2.408675909042358398e+00
2.196670532226562500e+00
2.387159109115600586e+00
2.357850313186645508e+00
2.245318651199340820e+00
2.309167385101318359e+00
2.091963768005371094e+00
2.338169574737548828e+00
2.497683525085449219e+00
2.507350921630859375e+00
2.118228673934936523e+00
2.409506559371948242e+00
2.356381416320800781e+00
2.493159770965576172e+00
2.020453929901123047e+00
2.067126035690307617e+00
2.357434988021850586e+00
2.014185667037963867e+00
1.936290860176086426e+00
2.312221050262451172e+00
2.077222347259521484e+00
2.357325792312622070e+00
1.146678924560546875e+00
2.402935266494750977e+00
2.267143011093139648e+00
2.442108154296875000e+00
2.515757560729980469e+00
2.254842042922973633e+00
2.144310951232910156e+00
2.552823305130004883e+00
2.477114677429199219e+00
2.432357788085937500e+00
2.446433067321777344e+00
2.145816326141357422e+00
2.443341255187988281e+00
2.278020858764648438e+00
1.898015260696411133e+00
2.232392787933349609e+00
2.225703716278076172e+00
2.416988134384155273e+00
2.368868112564086914e+00
2.243147373199462891e+00
2.470988035202026367e+00
2.113823652267456055e+00
2.004683256149291992e+00
2.445809125900268555e+00
2.117142915725708008e+00
2.225127220153808594e+00
2.433353662490844727e+00
2.362924098968505859e+00
2.240224838256835938e+00
1.245191216468811035e+00
1.658348798751831055e+00
2.088184595108032227e+00
2.364948749542236328e+00
2.280419349670410156e+00
2.361559867858886719e+00
1.944752454757690430e+00
2.411253213882446289e+00
2.406117677688598633e+00
1.978099346160888672e+00
2.511667966842651367e+00
2.484927177429199219e+00
2.451964378356933594e+00
2.436481714248657227e+00
2.405496835708618164e+00
2.172688245773315430e+00
2.430860042572021484e+00
2.177509784698486328e+00
2.529694795608520508e+00
2.112103462219238281e+00
1.862461090087890625e+00
2.406003475189208984e+00
2.376175403594970703e+00
2.476776361465454102e+00
2.646592855453491211e+00
2.116521835327148438e+00
2.078578233718872070e+00
1.438206791877746582e+00
2.102741479873657227e+00
1.916244745254516602e+00
2.390084028244018555e+00
2.006709575653076172e+00
2.426637887954711914e+00
2.124502658843994141e+00
2.291702508926391602e+00
2.509828805923461914e+00
2.428443431854248047e+00
9.253283739089965820e-01
2.597586631774902344e+00
2.263607025146484375e+00
2.412505626678466797e+00
2.358559370040893555e+00
2.312978029251098633e+00
2.189724445343017578e+00
1.881601214408874512e+00
2.368382453918457031e+00
2.418994665145874023e+00
1.978529334068298340e+00
2.402530431747436523e+00
2.438906192779541016e+00
2.494335651397705078e+00
2.533128023147583008e+00
2.396064996719360352e+00
2.547800064086914062e+00
2.466609954833984375e+00
2.064445734024047852e+00
2.442610502243041992e+00
2.364871978759765625e+00
2.219639301300048828e+00
1.680073857307434082e+00
2.121243715286254883e+00
2.475064516067504883e+00
2.473940134048461914e+00
2.115420818328857422e+00
2.399459600448608398e+00
2.354038000106811523e+00
2.280489683151245117e+00
2.363219261169433594e+00
2.558043956756591797e+00
2.487364053726196289e+00
2.390722751617431641e+00
2.160373210906982422e+00
2.269187927246093750e+00
2.396491289138793945e+00
2.546770811080932617e+00
2.380627393722534180e+00
2.146666049957275391e+00
2.024030685424804688e+00
2.267502546310424805e+00
2.508891820907592773e+00
2.406909465789794922e+00
2.510385990142822266e+00
2.295376300811767578e+00
2.000882148742675781e+00
2.491599321365356445e+00
1.646202445030212402e+00
2.408839941024780273e+00
2.315733194351196289e+00
1.568372726440429688e+00
2.376747131347656250e+00
1.990089416503906250e+00
2.429162979125976562e+00
2.566046953201293945e+00
1.575141549110412598e+00
2.494023323059082031e+00
2.383074283599853516e+00
2.470548868179321289e+00
2.247448205947875977e+00
2.454860925674438477e+00
2.343395471572875977e+00
2.268661975860595703e+00
2.061196804046630859e+00
2.491691827774047852e+00
2.184020042419433594e+00
2.113061428070068359e+00
2.395075321197509766e+00
2.174182176589965820e+00
2.303298950195312500e+00
2.391215562820434570e+00
2.421310424804687500e+00
2.500768423080444336e+00
2.455370664596557617e+00
2.213915824890136719e+00
2.510336637496948242e+00
2.301689386367797852e+00
2.339959859848022461e+00
2.083198547363281250e+00
2.467842578887939453e+00
2.525873899459838867e+00
2.520901203155517578e+00
2.187756299972534180e+00
2.430952548980712891e+00
2.345521688461303711e+00
2.219844579696655273e+00
1.970681428909301758e+00
2.359618425369262695e+00
2.360388278961181641e+00
2.244555234909057617e+00
2.454495191574096680e+00
1.524219155311584473e+00
2.338614940643310547e+00
2.445210695266723633e+00
2.460564136505126953e+00
2.332381725311279297e+00
2.417393922805786133e+00
1.742257833480834961e+00
2.307989835739135742e+00
2.296617746353149414e+00
1.939587831497192383e+00
2.459898471832275391e+00
2.405987977981567383e+00
1.757308483123779297e+00
2.194024324417114258e+00
2.443517923355102539e+00
2.503731727600097656e+00
2.227622985839843750e+00
2.473923683166503906e+00
2.037006378173828125e+00
2.159111976623535156e+00
2.520524740219116211e+00
2.228367328643798828e+00
2.434610605239868164e+00
2.047058105468750000e+00
2.579844474792480469e+00
1.467738747596740723e+00
2.385840177536010742e+00
2.492346286773681641e+00
2.243670701980590820e+00
1.917800307273864746e+00
2.381003379821777344e+00
2.363355875015258789e+00
2.218902111053466797e+00
2.358543872833251953e+00
2.432081460952758789e+00
2.483031988143920898e+00
1.312782526016235352e+00
2.376712083816528320e+00
2.448786735534667969e+00
2.118439435958862305e+00
2.046634197235107422e+00
2.326464414596557617e+00
2.228512763977050781e+00
2.292072057723999023e+00
2.594992160797119141e+00
1.337807297706604004e+00
2.447928428649902344e+00
2.226284742355346680e+00
2.279819965362548828e+00
2.299020051956176758e+00
1.995860695838928223e+00
2.303824424743652344e+00
2.454736709594726562e+00
2.496654510498046875e+00
2.449065685272216797e+00
2.382242441177368164e+00
1.709986329078674316e+00
2.432029247283935547e+00
2.490536212921142578e+00
2.493674516677856445e+00
2.147703886032104492e+00
2.504342794418334961e+00
2.530751466751098633e+00
1.985370874404907227e+00
2.449620723724365234e+00
2.460646867752075195e+00
2.421453237533569336e+00
2.167412281036376953e+00
1.943972945213317871e+00
2.324205398559570312e+00
2.492293119430541992e+00
2.567778110504150391e+00
1.425436139106750488e+00
2.446513891220092773e+00
2.251662492752075195e+00
2.403474092483520508e+00
2.118461132049560547e+00
2.356081485748291016e+00
2.460638999938964844e+00
2.414707183837890625e+00
2.465218782424926758e+00
2.438072204589843750e+00
2.375255823135375977e+00
2.420924186706542969e+00
2.344317674636840820e+00
2.391306638717651367e+00
2.401675701141357422e+00
2.115489006042480469e+00
1.160707354545593262e+00
2.016705036163330078e+00
2.173959732055664062e+00
1.947080016136169434e+00
2.370853424072265625e+00
2.514753818511962891e+00
2.399010658264160156e+00
1.967678427696228027e+00
2.412170886993408203e+00
2.155264854431152344e+00
2.349138975143432617e+00
2.542524814605712891e+00
2.237154245376586914e+00
2.384059429168701172e+00
2.354466438293457031e+00
2.340889930725097656e+00
2.523518085479736328e+00
1.748697876930236816e+00
2.389711618423461914e+00
2.342804193496704102e+00
2.532704114913940430e+00
2.538785696029663086e+00
1.779134392738342285e+00
2.464055776596069336e+00
2.500815868377685547e+00
2.513067483901977539e+00
1.974354982376098633e+00
1.086513519287109375e+00
2.561765432357788086e+00
2.503941059112548828e+00
2.449813365936279297e+00
1.856769561767578125e+00
2.439831256866455078e+00
2.411367416381835938e+00
1.245937824249267578e+00
2.432374954223632812e+00
2.179966688156127930e+00
2.331871747970581055e+00
2.459351539611816406e+00
2.191794395446777344e+00
2.495400428771972656e+00
2.490252256393432617e+00
2.499322414398193359e+00
2.152372837066650391e+00
2.305505037307739258e+00
2.450046539306640625e+00
2.158094644546508789e+00
2.473781585693359375e+00
1.867216229438781738e+00
2.526795387268066406e+00
2.013879537582397461e+00
2.069729089736938477e+00
2.481934547424316406e+00
2.524084329605102539e+00
2.135963201522827148e+00
2.173970699310302734e+00
2.358623504638671875e+00
2.311968088150024414e+00
2.452918767929077148e+00
2.221119642257690430e+00
2.399141788482666016e+00
2.425842046737670898e+00
1.851613044738769531e+00
2.394615888595581055e+00
2.493246316909790039e+00
2.406153440475463867e+00
2.188649177551269531e+00
2.175676822662353516e+00
1.993580579757690430e+00
2.518463611602783203e+00
2.372788906097412109e+00
2.436484575271606445e+00
1.602110385894775391e+00
2.194360017776489258e+00
2.383098602294921875e+00
1.756502151489257812e+00
2.489207267761230469e+00
2.540058135986328125e+00
2.584927797317504883e+00
2.160677194595336914e+00
1.707247972488403320e+00
2.459897994995117188e+00
2.389296054840087891e+00
2.503610372543334961e+00
2.381170749664306641e+00
2.165830612182617188e+00
1.841538667678833008e+00
2.568197488784790039e+00
2.094889640808105469e+00
2.391823768615722656e+00
2.412012338638305664e+00
2.521752595901489258e+00
2.454190731048583984e+00
2.462103128433227539e+00
2.399799823760986328e+00
2.182948112487792969e+00
2.423142910003662109e+00
2.234875917434692383e+00
2.215893507003784180e+00
2.451229095458984375e+00
2.572006940841674805e+00
2.433185815811157227e+00
2.429937124252319336e+00
1.743968009948730469e+00
1.892865419387817383e+00
2.302292585372924805e+00
2.585502862930297852e+00
2.567173242568969727e+00
2.236309528350830078e+00
2.320643663406372070e+00
1.980576515197753906e+00
1.749911546707153320e+00
2.375729322433471680e+00
2.272870540618896484e+00
2.457152366638183594e+00
2.186337947845458984e+00
1.354876637458801270e+00
2.541547536849975586e+00
2.460454702377319336e+00
2.282131671905517578e+00
2.567398071289062500e+00
2.195967435836791992e+00
2.352431058883666992e+00
2.516567230224609375e+00
2.001352548599243164e+00
2.339553594589233398e+00
2.482902288436889648e+00
2.141634464263916016e+00
9.254693388938903809e-01
2.348989248275756836e+00
2.509862422943115234e+00
2.274551630020141602e+00
2.074030876159667969e+00
2.492590904235839844e+00
2.441028118133544922e+00
2.007502794265747070e+00
